700729.33310000	5697219.17200000	158.37760000
700730.33310000	5697219.17200000	158.44040000
700731.33310000	5697219.17200000	158.43474141
700732.33310000	5697219.17200000	158.37760000
700733.33310000	5697219.17200000	158.44040000
700734.33310000	5697219.17200000	158.43164980
700735.33310000	5697219.17200000	158.44372382
700736.33310000	5697219.17200000	158.44568892
700737.33310000	5697219.17200000	158.44917363
700738.33310000	5697219.17200000	158.45021711
700739.33310000	5697219.17200000	158.47028246
700740.33310000	5697219.17200000	158.47202279
700741.33310000	5697219.17200000	158.49395344
700742.33310000	5697219.17200000	158.50108090
700743.33310000	5697219.17200000	158.50190953
700744.33310000	5697219.17200000	158.50399485
700745.33310000	5697219.17200000	158.50499454
700746.33310000	5697219.17200000	158.50631481
700747.33310000	5697219.17200000	158.50690832
700729.33310000	5697220.17200000	158.37760000
700730.33310000	5697220.17200000	158.37760000
700731.33310000	5697220.17200000	158.43745805
700732.33310000	5697220.17200000	158.37760000
700733.33310000	5697220.17200000	158.44040000
700734.33310000	5697220.17200000	158.43272763
700735.33310000	5697220.17200000	158.43205336
700736.33310000	5697220.17200000	158.43525725
700737.33310000	5697220.17200000	158.43926950
700738.33310000	5697220.17200000	158.44372683
700739.33310000	5697220.17200000	158.45124878
700740.33310000	5697220.17200000	158.46537978
700741.33310000	5697220.17200000	158.46887422
700742.33310000	5697220.17200000	158.47065231
700743.33310000	5697220.17200000	158.48090010
700744.33310000	5697220.17200000	158.48584272
700745.33310000	5697220.17200000	158.49047822
700746.33310000	5697220.17200000	158.49716265
700747.33310000	5697220.17200000	158.49442474
700729.33310000	5697221.17200000	158.44040000
700730.33310000	5697221.17200000	158.44040000
700731.33310000	5697221.17200000	158.44040000
700732.33310000	5697221.17200000	158.44040000
700733.33310000	5697221.17200000	158.44040000
700734.33310000	5697221.17200000	158.42728392
700735.33310000	5697221.17200000	158.43776392
700736.33310000	5697221.17200000	158.44196906
700737.33310000	5697221.17200000	158.44811763
700738.33310000	5697221.17200000	158.45754805
700739.33310000	5697221.17200000	158.45586099
700740.33310000	5697221.17200000	158.46369526
700741.33310000	5697221.17200000	158.46877864
700742.33310000	5697221.17200000	158.47064282
700743.33310000	5697221.17200000	158.47433105
700744.33310000	5697221.17200000	158.47814370
700745.33310000	5697221.17200000	158.48808778
700746.33310000	5697221.17200000	158.49041519
700747.33310000	5697221.17200000	158.49816902
700729.33310000	5697222.17200000	158.37760000
700730.33310000	5697222.17200000	158.37760000
700731.33310000	5697222.17200000	158.37760000
700732.33310000	5697222.17200000	158.37760000
700733.33310000	5697222.17200000	158.43755043
700734.33310000	5697222.17200000	158.42503528
700735.33310000	5697222.17200000	158.43156187
700736.33310000	5697222.17200000	158.43580232
700737.33310000	5697222.17200000	158.44247327
700738.33310000	5697222.17200000	158.44929958
700739.33310000	5697222.17200000	158.45489049
700740.33310000	5697222.17200000	158.46502053
700741.33310000	5697222.17200000	158.46722157
700742.33310000	5697222.17200000	158.47412943
700743.33310000	5697222.17200000	158.47886750
700744.33310000	5697222.17200000	158.48185119
700745.33310000	5697222.17200000	158.48736604
700746.33310000	5697222.17200000	158.48696278
700747.33310000	5697222.17200000	158.48793544
700729.33310000	5697223.17200000	158.39050000
700730.33310000	5697223.17200000	158.39050000
700731.33310000	5697223.17200000	158.39050000
700732.33310000	5697223.17200000	158.39050000
700733.33310000	5697223.17200000	158.42806870
700734.33310000	5697223.17200000	158.42412332
700735.33310000	5697223.17200000	158.43303791
700736.33310000	5697223.17200000	158.43462862
700737.33310000	5697223.17200000	158.44572668
700738.33310000	5697223.17200000	158.45037498
700739.33310000	5697223.17200000	158.45467551
700740.33310000	5697223.17200000	158.45884271
700741.33310000	5697223.17200000	158.46651438
700742.33310000	5697223.17200000	158.47239536
700743.33310000	5697223.17200000	158.47722927
700744.33310000	5697223.17200000	158.47901638
700745.33310000	5697223.17200000	158.48497786
700746.33310000	5697223.17200000	158.48467431
700747.33310000	5697223.17200000	158.48811622
700729.33310000	5697224.17200000	158.33751388
700730.33310000	5697224.17200000	158.35918350
700731.33310000	5697224.17200000	158.35510039
700732.33310000	5697224.17200000	158.34422022
700733.33310000	5697224.17200000	158.35290118
700734.33310000	5697224.17200000	158.35414237
700735.33310000	5697224.17200000	158.33980000
700736.33310000	5697224.17200000	158.36811821
700737.33310000	5697224.17200000	158.37042208
700738.33310000	5697224.17200000	158.40204667
700739.33310000	5697224.17200000	158.43191608
700740.33310000	5697224.17200000	158.44505663
700741.33310000	5697224.17200000	158.45384103
700742.33310000	5697224.17200000	158.47239516
700743.33310000	5697224.17200000	158.47305942
700744.33310000	5697224.17200000	158.47632587
700745.33310000	5697224.17200000	158.47961381
700746.33310000	5697224.17200000	158.48431148
700747.33310000	5697224.17200000	158.48480903
700729.33310000	5697225.17200000	158.34370000
700730.33310000	5697225.17200000	158.34370000
700731.33310000	5697225.17200000	158.34370000
700732.33310000	5697225.17200000	158.36041743
700733.33310000	5697225.17200000	158.35730394
700734.33310000	5697225.17200000	158.36015538
700735.33310000	5697225.17200000	158.35907710
700736.33310000	5697225.17200000	158.36969843
700737.33310000	5697225.17200000	158.35719672
700738.33310000	5697225.17200000	158.35899898
700739.33310000	5697225.17200000	158.37193498
700740.33310000	5697225.17200000	158.37929737
700741.33310000	5697225.17200000	158.40996244
700742.33310000	5697225.17200000	158.40974209
700743.33310000	5697225.17200000	158.43908624
700744.33310000	5697225.17200000	158.42350966
700745.33310000	5697225.17200000	158.45876400
700746.33310000	5697225.17200000	158.45364304
700747.33310000	5697225.17200000	158.48584236
700729.33310000	5697226.17200000	158.33060000
700730.33310000	5697226.17200000	158.33060000
700731.33310000	5697226.17200000	158.33060000
700732.33310000	5697226.17200000	158.34821384
700733.33310000	5697226.17200000	158.35459969
700734.33310000	5697226.17200000	158.35622359
700735.33310000	5697226.17200000	158.34853195
700736.33310000	5697226.17200000	158.35567918
700737.33310000	5697226.17200000	158.34821339
700738.33310000	5697226.17200000	158.36728909
700739.33310000	5697226.17200000	158.34373169
700740.33310000	5697226.17200000	158.38103549
700741.33310000	5697226.17200000	158.38896399
700742.33310000	5697226.17200000	158.39403369
700743.33310000	5697226.17200000	158.39327624
700744.33310000	5697226.17200000	158.40077103
700745.33310000	5697226.17200000	158.40578751
700746.33310000	5697226.17200000	158.42367991
700747.33310000	5697226.17200000	158.42636053
700729.33310000	5697227.17200000	158.32490000
700730.33310000	5697227.17200000	158.32490000
700731.33310000	5697227.17200000	158.32490000
700732.33310000	5697227.17200000	158.33288314
700733.33310000	5697227.17200000	158.35795603
700734.33310000	5697227.17200000	158.36605791
700735.33310000	5697227.17200000	158.35804602
700736.33310000	5697227.17200000	158.35676707
700737.33310000	5697227.17200000	158.34576968
700738.33310000	5697227.17200000	158.30960000
700739.33310000	5697227.17200000	158.36457755
700740.33310000	5697227.17200000	158.37292543
700741.33310000	5697227.17200000	158.39820307
700742.33310000	5697227.17200000	158.39912301
700743.33310000	5697227.17200000	158.40737558
700744.33310000	5697227.17200000	158.40350288
700745.33310000	5697227.17200000	158.41139876
700746.33310000	5697227.17200000	158.41067359
700747.33310000	5697227.17200000	158.41068915
700729.33310000	5697228.17200000	158.32730000
700730.33310000	5697228.17200000	158.32730000
700731.33310000	5697228.17200000	158.32730000
700732.33310000	5697228.17200000	158.35353236
700733.33310000	5697228.17200000	158.35116604
700734.33310000	5697228.17200000	158.35967412
700735.33310000	5697228.17200000	158.35432990
700736.33310000	5697228.17200000	158.36329624
700737.33310000	5697228.17200000	158.35333681
700738.33310000	5697228.17200000	158.36498571
700739.33310000	5697228.17200000	158.27480000
700740.33310000	5697228.17200000	158.37569653
700741.33310000	5697228.17200000	158.38411974
700742.33310000	5697228.17200000	158.39203781
700743.33310000	5697228.17200000	158.39281305
700744.33310000	5697228.17200000	158.39837094
700745.33310000	5697228.17200000	158.40232650
700746.33310000	5697228.17200000	158.40692472
700747.33310000	5697228.17200000	158.40593105
700729.33310000	5697229.17200000	158.30820000
700730.33310000	5697229.17200000	158.30820000
700731.33310000	5697229.17200000	158.30820000
700732.33310000	5697229.17200000	158.33049679
700733.33310000	5697229.17200000	158.36080851
700734.33310000	5697229.17200000	158.36023592
700735.33310000	5697229.17200000	158.36064520
700736.33310000	5697229.17200000	158.35300000
700737.33310000	5697229.17200000	158.35471212
700738.33310000	5697229.17200000	158.34732467
700739.33310000	5697229.17200000	158.35995511
700740.33310000	5697229.17200000	158.35885908
700741.33310000	5697229.17200000	158.38805148
700742.33310000	5697229.17200000	158.39165209
700743.33310000	5697229.17200000	158.40485368
700744.33310000	5697229.17200000	158.40389331
700745.33310000	5697229.17200000	158.40554881
700746.33310000	5697229.17200000	158.40624402
700747.33310000	5697229.17200000	158.40405226
700729.33310000	5697230.17200000	158.37000000
700730.33310000	5697230.17200000	158.37000000
700731.33310000	5697230.17200000	158.37000000
700732.33310000	5697230.17200000	158.35923723
700733.33310000	5697230.17200000	158.35823226
700734.33310000	5697230.17200000	158.36101261
700735.33310000	5697230.17200000	158.35590334
700736.33310000	5697230.17200000	158.35969168
700737.33310000	5697230.17200000	158.35397093
700738.33310000	5697230.17200000	158.35133743
700739.33310000	5697230.17200000	158.30490000
700740.33310000	5697230.17200000	158.34463833
700741.33310000	5697230.17200000	158.36330794
700742.33310000	5697230.17200000	158.38346885
700743.33310000	5697230.17200000	158.38398431
700744.33310000	5697230.17200000	158.39424145
700745.33310000	5697230.17200000	158.39715574
700746.33310000	5697230.17200000	158.39932380
700747.33310000	5697230.17200000	158.40104040
700729.33310000	5697231.17200000	158.37010000
700730.33310000	5697231.17200000	158.37010000
700731.33310000	5697231.17200000	158.37010000
700732.33310000	5697231.17200000	158.33387528
700733.33310000	5697231.17200000	158.36256969
700734.33310000	5697231.17200000	158.36104217
700735.33310000	5697231.17200000	158.35975797
700736.33310000	5697231.17200000	158.35499499
700737.33310000	5697231.17200000	158.35330839
700738.33310000	5697231.17200000	158.34904509
700739.33310000	5697231.17200000	158.34388634
700740.33310000	5697231.17200000	158.35645006
700741.33310000	5697231.17200000	158.35595564
700742.33310000	5697231.17200000	158.36205173
700743.33310000	5697231.17200000	158.36278072
700744.33310000	5697231.17200000	158.29080000
700745.33310000	5697231.17200000	158.36032736
700746.33310000	5697231.17200000	158.35829588
700747.33310000	5697231.17200000	158.39050420
700729.33310000	5697232.17200000	158.35590000
700730.33310000	5697232.17200000	158.35590000
700731.33310000	5697232.17200000	158.35590000
700732.33310000	5697232.17200000	158.36477057
700733.33310000	5697232.17200000	158.36263459
700734.33310000	5697232.17200000	158.36501331
700735.33310000	5697232.17200000	158.35928308
700736.33310000	5697232.17200000	158.36092035
700737.33310000	5697232.17200000	158.35516983
700738.33310000	5697232.17200000	158.34767976
700739.33310000	5697232.17200000	158.34105842
700740.33310000	5697232.17200000	158.35021756
700741.33310000	5697232.17200000	158.34988720
700742.33310000	5697232.17200000	158.35479285
700743.33310000	5697232.17200000	158.35625373
700744.33310000	5697232.17200000	158.34441506
700745.33310000	5697232.17200000	158.36006500
700746.33310000	5697232.17200000	158.36376220
700747.33310000	5697232.17200000	158.36939512
700729.33310000	5697233.17200000	158.39400000
700730.33310000	5697233.17200000	158.39400000
700731.33310000	5697233.17200000	158.39400000
700732.33310000	5697233.17200000	158.38951935
700733.33310000	5697233.17200000	158.36571361
700734.33310000	5697233.17200000	158.36344753
700735.33310000	5697233.17200000	158.36201785
700736.33310000	5697233.17200000	158.35403658
700737.33310000	5697233.17200000	158.35642871
700738.33310000	5697233.17200000	158.34988664
700739.33310000	5697233.17200000	158.35837172
700740.33310000	5697233.17200000	158.35521985
700741.33310000	5697233.17200000	158.35584378
700742.33310000	5697233.17200000	158.35608360
700743.33310000	5697233.17200000	158.35187047
700744.33310000	5697233.17200000	158.34320914
700745.33310000	5697233.17200000	158.35745372
700746.33310000	5697233.17200000	158.35553322
700747.33310000	5697233.17200000	158.36105101
700729.33310000	5697234.17200000	158.41090000
700730.33310000	5697234.17200000	158.41090000
700731.33310000	5697234.17200000	158.41090000
700732.33310000	5697234.17200000	158.40254786
700733.33310000	5697234.17200000	158.39026522
700734.33310000	5697234.17200000	158.36748713
700735.33310000	5697234.17200000	158.36793949
700736.33310000	5697234.17200000	158.36688097
700737.33310000	5697234.17200000	158.34544715
700738.33310000	5697234.17200000	158.35725049
700739.33310000	5697234.17200000	158.33601908
700740.33310000	5697234.17200000	158.31860000
700741.33310000	5697234.17200000	158.34567799
700742.33310000	5697234.17200000	158.35260554
700743.33310000	5697234.17200000	158.35451938
700744.33310000	5697234.17200000	158.36021748
700745.33310000	5697234.17200000	158.36188324
700746.33310000	5697234.17200000	158.35901173
700747.33310000	5697234.17200000	158.35841278
700729.33310000	5697235.17200000	158.45570000
700730.33310000	5697235.17200000	158.45570000
700731.33310000	5697235.17200000	158.45570000
700732.33310000	5697235.17200000	158.45570000
700733.33310000	5697235.17200000	158.36374512
700734.33310000	5697235.17200000	158.36182626
700735.33310000	5697235.17200000	158.35728540
700736.33310000	5697235.17200000	158.35936385
700737.33310000	5697235.17200000	158.35083923
700738.33310000	5697235.17200000	158.34277776
700739.33310000	5697235.17200000	158.34910365
700740.33310000	5697235.17200000	158.35024949
700741.33310000	5697235.17200000	158.34560230
700742.33310000	5697235.17200000	158.34675402
700743.33310000	5697235.17200000	158.35206667
700744.33310000	5697235.17200000	158.33954656
700745.33310000	5697235.17200000	158.35711387
700746.33310000	5697235.17200000	158.34529189
700747.33310000	5697235.17200000	158.35937259
700729.33310000	5697236.17200000	158.36120000
700730.33310000	5697236.17200000	158.36120000
700731.33310000	5697236.17200000	158.36120000
700732.33310000	5697236.17200000	158.36120000
700733.33310000	5697236.17200000	158.36970000
700734.33310000	5697236.17200000	158.39010000
700735.33310000	5697236.17200000	158.35700000
700736.33310000	5697236.17200000	158.35646448
700737.33310000	5697236.17200000	158.32840000
700738.33310000	5697236.17200000	158.34911456
700739.33310000	5697236.17200000	158.33159227
700740.33310000	5697236.17200000	158.33920000
700741.33310000	5697236.17200000	158.38740000
700742.33310000	5697236.17200000	158.33880432
700743.33310000	5697236.17200000	158.34273060
700744.33310000	5697236.17200000	158.34476797
700745.33310000	5697236.17200000	158.34703714
700746.33310000	5697236.17200000	158.32010000
700747.33310000	5697236.17200000	158.32010000
700729.33310000	5697237.17200000	158.35850000
700730.33310000	5697237.17200000	158.35850000
700731.33310000	5697237.17200000	158.35850000
700732.33310000	5697237.17200000	158.35850000
700733.33310000	5697237.17200000	158.35850000
700734.33310000	5697237.17200000	158.35850000
700735.33310000	5697237.17200000	158.35850000
700736.33310000	5697237.17200000	158.35850000
700737.33310000	5697237.17200000	158.35850000
700738.33310000	5697237.17200000	158.35850000
700739.33310000	5697237.17200000	158.35850000
700740.33310000	5697237.17200000	158.35850000
700741.33310000	5697237.17200000	158.32360000
700742.33310000	5697237.17200000	158.34160000
700743.33310000	5697237.17200000	158.32780000
700744.33310000	5697237.17200000	158.33279330
700745.33310000	5697237.17200000	158.33563570
700746.33310000	5697237.17200000	158.33045743
700747.33310000	5697237.17200000	158.34459545
700729.33310000	5697238.17200000	158.45570000
700730.33310000	5697238.17200000	158.36120000
700731.33310000	5697238.17200000	158.41090000
700732.33310000	5697238.17200000	158.36120000
700733.33310000	5697238.17200000	158.36970000
700734.33310000	5697238.17200000	158.39010000
700735.33310000	5697238.17200000	158.35700000
700736.33310000	5697238.17200000	158.36474886
700737.33310000	5697238.17200000	158.32840000
700738.33310000	5697238.17200000	158.35271172
700739.33310000	5697238.17200000	158.34042454
700740.33310000	5697238.17200000	158.35850000
700741.33310000	5697238.17200000	158.32360000
700742.33310000	5697238.17200000	158.34160000
700743.33310000	5697238.17200000	158.32780000
700744.33310000	5697238.17200000	158.32603181
700745.33310000	5697238.17200000	158.32543514
700746.33310000	5697238.17200000	158.32010000
700747.33310000	5697238.17200000	158.32306360
